224.95
209.57
210.65
213.03
212.49
210.95
208.94
205.84
199.96
209.8
223.5
188.7
191.96
194.7
195.97
196.12
195.03
192.64
190.29
185.05
179.42
209.92
209.96
193.71
198.73
200.6
201.35
201.39
200.43
199.63
197.38
193.78
186.01
199.85
212.54
194.86
201.74
202.52
203.88
204.7
204.11
204.19
201.52
198.83
190.97
206.04
212.5
194.55
202.88
203.4
203.99
205.72
205.59
205.3
203.79
201.43
192.81
209.5
211.9
193.84
201.95
203.55
206.4
206.68
207.72
207.37
205.9
204.71
196.91
212.4
209.55
192.3
200.67
203.05
205.05
206.5
207.04
207.61
206.81
205.79
198.35
215.12
208.19
192.66
199.7
202.13
204.2
206.11
206.28
207.27
206.43
205.4
198.92
214.6
205.53
188.79
196.18
200.18
203.01
205.25
204.56
206.95
206.16
203.35
197.08
215.73
198.35
183.32
191.65
195.41
198.38
202.21
201.82
204.43
203.8
202.01
195.62
214.74
205.41
177.62
182.86
188.99
192.04
193.59
197.06
198.26
197.58
196.13
191.71
232.03
210.18
198.07
204.48
209.76
211.14
215.28
215.53
215.01
214.43
223.92
0
0
0
0
0
0
0
0
0
0
0
0
0
0
0
0
0
0
0
0
